
**** CO2 Emissions Report ****


 TOTAL EMISSION FOR THE PERIOD (kt): 791355456.52

 AVERAGE PER YEAR (kt): 26378515.22

 MAX CO2 EMISSION PER YEAR:
[['1991' 'United States' 4807499.0]
 ['1992' 'United States' 4879628.0]
 ['1993' 'United States' 4995211.0]
 ['1994' 'United States' 5066805.0]
 ['1995' 'United States' 5117038.0]
 ['1996' 'United States' 5273488.0]
 ['1997' 'United States' 5543351.0]
 ['1998' 'United States' 5590538.0]
 ['1999' 'United States' 5609019.0]
 ['2000' 'United States' 5775808.0]
 ['2001' 'United States' 5748263.0]
 ['2002' 'United States' 5593026.0]
 ['2003' 'United States' 5658993.0]
 ['2004' 'United States' 5738287.0]
 ['2005' 'China' 5824625.0]
 ['2006' 'China' 6437470.0]
 ['2007' 'China' 6993183.0]
 ['2008' 'China' 7199605.0]
 ['2009' 'China' 7719071.0]
 ['2010' 'China' 8474923.0]
 ['2011' 'China' 9282554.0]
 ['2012' 'China' 9541867.0]
 ['2013' 'China' 9984572.0]
 ['2014' 'China' 10006670.0]
 ['2015' 'China' 9861100.0]
 ['2016' 'China' 9874656.0]
 ['2017' 'China' 10096010.0]
 ['2018' 'China' 10502930.0]
 ['2019' 'China' 10707220.0]]

 TOTAL CO2 EMISSION IN THE FIRST YEAR (kt): 20.1M
 TOTAL CO2 EMISSION AT THE END OF PERIOD (kt): 33.44M
 INCREASE IN CO2 EMISSION/YEAR: 13.35M (~66%)

 MAX INCREASE IN CO2 EMISSION WAS IN YEAR 2009(1731238.56)kt
 DECREASE IN CO2 EMISSION WAS IN YEAR 2008(-301497.1)kt


 *** CORRELATION ANALYSIS ***

Pearson coeficient is calculated to measure linear correlation between CO2 emission and GDP/population size.
 CO2/GDP Pearson correlation coeficient values for each of 190 countries are: 
[ 0.9    0.781  0.711  0.584  0.978  0.859 -0.079  0.564  0.79   0.302
 -0.237  0.812 -0.865  0.973  0.957  0.953 -0.569  0.988  0.255  0.672
 -0.199  0.435  0.976  0.9    0.356  0.886  0.966  0.812 -0.094  0.848
 -0.69   0.963  0.948  0.92   0.869  0.668  0.813  0.86   0.838  0.961
  0.907  0.214  0.744 -0.806 -0.891  0.463  0.607 -0.779  0.881  0.887
  0.96   0.929 -0.056  0.384 -0.413  0.979 -0.394  0.869 -0.633  0.674
  0.113 -0.677  0.004  0.966  0.933  0.905  0.937  0.895  0.33   0.508
  0.943  0.814  0.92   0.391  0.954 -0.826  0.937  0.991  0.329  0.876
  0.725 -0.383  0.796 -0.279 -0.122  0.928  0.429  0.59   0.982  0.252
  0.967  0.876  0.483  0.938  0.907  0.903  0.964  0.934  0.728  0.519
 -0.748  0.913  0.908 -0.529  0.015 -0.573  0.978 -0.473  0.902  0.986
  0.961  0.895 -0.445  0.96  -0.542  0.782  0.887  0.934  0.782  0.937
  0.946  0.899  0.952  0.913  0.952  0.572  0.902 -0.154  0.703  0.939
 -0.495  0.681  0.965  0.962  0.925  0.985  0.916  0.557  0.857 -0.613
  0.     0.099  0.869  0.962 -0.709 -0.089  0.902  0.972  0.819  0.954
  0.858  0.811  0.967  0.833  0.476 -0.092  0.56   0.989  0.395 -0.863
  0.394 -0.895  0.709  0.956  0.898  0.819  0.72   0.883  0.292  0.94
  0.968  0.701  0.931  0.95   0.927  0.54   0.984  0.962 -0.336  0.697
 -0.193 -0.313  0.497  0.729  0.979  0.902  0.894  0.653  0.758 -0.142]
Number of p_values<0.05: 163

 CO2/population size Pearson correlation coeficient values are:
[ 0.747  0.905 -0.622  0.826  0.988  0.948  0.497  0.582  0.851  0.218
 -0.395  0.843 -0.921  0.99   0.961  0.953  0.773  0.994  0.299 -0.231
  0.483  0.458  0.875  0.957  0.306  0.897  0.877  0.858  0.292  0.909
 -0.76   0.979  0.943  0.937  0.848  0.632  0.915  0.84   0.919  0.961
  0.977  0.134  0.671 -0.742 -0.418  0.781 -0.018 -0.899  0.952  0.979
  0.97   0.987  0.257  0.271  0.72   0.942 -0.558  0.843 -0.724  0.856
  0.295 -0.939  0.618  0.981  0.959  0.982  0.928  0.716  0.466  0.529
  0.971  0.673  0.981 -0.26   0.959  0.895  0.987  0.966  0.268  0.982
  0.84  -0.462  0.85  -0.704 -0.1    0.935  0.587  0.657  0.936 -0.041
  0.82   0.921  0.56   0.985  0.913  0.742  0.942  0.898  0.886  0.596
 -0.622  0.971  0.916  0.527 -0.166  0.698  0.993  0.473  0.932  0.988
  0.946  0.081 -0.506  0.982 -0.634  0.772  0.806  0.824  0.927  0.975
  0.968  0.891  0.995  0.973  0.94   0.688  0.946 -0.161  0.66   0.729
 -0.352  0.786  0.974  0.976  0.972  0.923  0.909  0.625  0.967  0.581
 -0.873  0.516  0.888  0.985  0.827  0.378  0.88   0.984  0.972  0.996
  0.881  0.92   0.925  0.934  0.3    0.201  0.976  0.986  0.31  -0.892
 -0.211 -0.925  0.778  0.987  0.362  0.892  0.812  0.983  0.165  0.929
  0.961  0.653  0.75   0.987  0.986  0.494  0.977  0.983  0.828  0.723
 -0.094 -0.065 -0.337  0.825  0.929  0.897  0.952  0.395  0.823 -0.604]
Number of p_values<0.05: 164